image: democart.pgm
resolution: 0.050000
origin: [-120.641833, -76.454932, 0.000000]
negate: 0
occupied_thresh: 0.65
free_thresh: 0.196

